0	0	0	149	0
0	0	0	149	0
0	149	0	0	0
0	0	0	149	0
0	0	149	0	0
0	0	149	0	0
0	149	0	0	0
0	149	0	0	0
0	0	149	0	0
149	0	0	0	0
149	0	0	0	0
0	0	149	0	0
0	0	0	149	0
0	0	0	149	0
0	0	0	149	0
0	149	0	0	0
0	0	149	0	0
0	0	149	0	0
0	0	0	149	0
0	0	0	149	0
0	0	0	149	0
149	0	0	0	0
0	0	0	149	0
0	149	0	0	0
0	149	0	0	0
0	0	149	0	0
0	149	0	0	0
0	0	149	0	0
0	0	149	0	0
0	0	149	0	0
0	0	149	0	0
0	0	0	149	0
149	0	0	0	0
149	0	0	0	0
0	149	0	0	0
149	0	0	0	0
0	149	0	0	0
0	149	0	0	0
0	0	30	119	0
0	0	149	0	0
0	149	0	0	0
0	149	0	0	0
149	0	0	0	0
0	0	149	0	0
0	0	149	0	0
149	0	0	0	0
149	0	0	0	0
30	0	119	0	0
149	0	0	0	0
149	0	0	0	0
0	0	0	149	0
0	0	149	0	0
0	149	0	0	0
149	0	0	0	0
0	149	0	0	0
0	0	0	149	0
0	28	0	121	0
0	149	0	0	0
0	0	0	149	0
0	0	149	0	0
0	0	0	149	0
149	0	0	0	0
0	0	149	0	0
0	149	0	0	0
0	0	149	0	0
149	0	0	0	0
0	149	0	0	0
0	149	0	0	0
0	0	0	149	0
0	149	0	0	0
0	0	149	0	0
0	123	0	26	0
0	149	0	0	0
0	0	149	0	0
0	0	0	149	0
149	0	0	0	0
8	0	141	0	0
148	0	1	0	0
0	149	0	0	0
1	0	148	0	0
0	0	149	0	0
0	149	0	0	0
0	0	149	0	0
149	0	0	0	0
0	149	0	0	0
0	149	0	0	0
0	149	0	0	0
0	0	0	149	0
0	0	0	149	0
0	149	0	0	0
0	0	149	0	0
0	0	0	149	0
0	0	149	0	0
0	0	149	0	0
0	0	0	149	0
0	149	0	0	0
0	0	149	0	0
0	0	0	149	0
0	0	0	149	0
149	0	0	0	0
149	0	0	0	0
26	0	123	0	0
0	149	0	0	0
0	0	149	0	0
0	149	0	0	0
0	0	0	149	0
0	0	0	149	0
0	149	0	0	0
0	0	0	149	0
0	0	149	0	0
0	0	149	0	0
0	149	0	0	0
0	0	0	149	0
1	0	148	0	0
149	0	0	0	0
149	0	0	0	0
0	149	0	0	0
0	0	0	149	0
0	0	0	149	0
149	0	0	0	0
0	0	149	0	0
149	0	0	0	0
0	149	0	0	0
0	0	0	149	0
0	149	0	0	0
0	0	0	149	0
0	0	0	149	0
0	0	149	0	0
149	0	0	0	0
0	149	0	0	0
149	0	0	0	0
0	0	149	0	0
0	149	0	0	0
0	0	0	149	0
0	0	149	0	0
0	0	0	149	0
0	149	0	0	0
0	0	0	149	0
149	0	0	0	0
0	0	149	0	0
0	149	0	0	0
0	149	0	0	0
0	0	0	149	0
0	0	0	149	0
0	0	149	0	0
149	0	0	0	0
0	149	0	0	0
0	0	0	149	0
0	0	149	0	0
0	0	149	0	0
149	0	0	0	0
149	0	0	0	0
0	0	149	0	0
0	149	0	0	0
0	149	0	0	0
0	0	149	0	0
0	0	149	0	0
149	0	0	0	0
0	0	149	0	0
0	0	149	0	0
0	0	149	0	0
149	0	0	0	0
149	0	0	0	0
0	0	0	149	0
149	0	0	0	0
0	0	0	149	0
0	149	0	0	0
0	29	0	120	0
149	0	0	0	0
149	0	0	0	0
148	0	1	0	0
0	149	0	0	0
0	0	0	149	0
0	1	0	148	0
0	0	149	0	0
0	0	149	0	0
0	0	0	149	0
0	149	0	0	0
0	0	149	0	0
0	0	149	0	0
0	149	0	0	0
149	0	0	0	0
0	149	0	0	0
0	0	149	0	0
0	0	149	0	0
0	0	149	0	0
0	149	0	0	0
0	149	0	0	0
0	0	149	0	0
0	0	0	149	0
0	0	149	0	0
149	0	0	0	0
0	0	0	149	0
0	0	0	149	0
149	0	0	0	0
0	0	0	149	0
0	0	149	0	0
0	149	0	0	0
0	0	0	149	0
0	149	0	0	0
0	0	149	0	0
0	0	0	149	0
1	0	0	148	0
16	133	0	0	0
0	0	0	149	0
0	0	149	0	0
149	0	0	0	0
0	149	0	0	0
0	149	0	0	0
0	0	0	149	0
0	0	149	0	0
0	0	149	0	0
149	0	0	0	0
0	149	0	0	0
0	0	149	0	0
0	149	0	0	0
149	0	0	0	0
0	149	0	0	0
0	0	149	0	0
0	0	0	149	0
0	149	0	0	0
0	0	149	0	0
0	149	0	0	0
0	0	0	149	0
0	0	0	149	0
