0	0	0	44	0
0	0	0	44	0
0	44	0	0	0
0	0	0	44	0
0	0	44	0	0
0	0	44	0	0
0	44	0	0	0
0	44	0	0	0
0	0	44	0	0
44	0	0	0	0
44	0	0	0	0
0	0	44	0	0
0	0	0	44	0
0	0	0	44	0
0	0	0	44	0
0	44	0	0	0
0	0	44	0	0
0	0	44	0	0
0	0	0	44	0
0	0	0	44	0
0	0	0	44	0
44	0	0	0	0
0	0	0	44	0
0	44	0	0	0
0	44	0	0	0
0	0	44	0	0
0	44	0	0	0
0	0	44	0	0
0	0	44	0	0
0	0	44	0	0
0	0	44	0	0
0	0	0	44	0
44	0	0	0	0
44	0	0	0	0
0	44	0	0	0
44	0	0	0	0
0	44	0	0	0
0	44	0	0	0
0	0	0	44	0
0	0	44	0	0
0	44	0	0	0
0	44	0	0	0
44	0	0	0	0
0	0	44	0	0
0	0	44	0	0
44	0	0	0	0
44	0	0	0	0
0	0	44	0	0
44	0	0	0	0
44	0	0	0	0
0	0	0	44	0
0	0	44	0	0
0	44	0	0	0
44	0	0	0	0
0	44	0	0	0
0	0	0	44	0
0	3	0	41	0
0	44	0	0	0
0	0	0	44	0
0	0	44	0	0
0	0	0	44	0
44	0	0	0	0
0	0	44	0	0
0	44	0	0	0
0	0	44	0	0
44	0	0	0	0
0	44	0	0	0
0	44	0	0	0
0	0	0	44	0
0	44	0	0	0
0	0	44	0	0
0	44	0	0	0
0	44	0	0	0
0	0	44	0	0
0	0	0	44	0
44	0	0	0	0
0	0	44	0	0
44	0	0	0	0
0	44	0	0	0
0	0	44	0	0
0	0	44	0	0
0	44	0	0	0
0	0	44	0	0
44	0	0	0	0
0	44	0	0	0
0	44	0	0	0
0	44	0	0	0
0	0	0	44	0
0	0	0	44	0
0	44	0	0	0
0	0	44	0	0
0	0	0	44	0
0	0	44	0	0
0	0	44	0	0
0	0	0	44	0
0	44	0	0	0
0	0	44	0	0
0	0	0	44	0
0	0	0	44	0
44	0	0	0	0
44	0	0	0	0
0	0	44	0	0
0	44	0	0	0
0	0	44	0	0
0	44	0	0	0
0	0	0	44	0
0	0	0	44	0
0	44	0	0	0
0	0	0	44	0
0	0	44	0	0
0	0	44	0	0
0	44	0	0	0
0	0	0	44	0
0	0	44	0	0
44	0	0	0	0
44	0	0	0	0
0	44	0	0	0
0	0	0	44	0
0	0	0	44	0
44	0	0	0	0
0	0	44	0	0
44	0	0	0	0
0	44	0	0	0
0	0	0	44	0
0	44	0	0	0
0	0	0	44	0
0	0	0	44	0
0	0	44	0	0
44	0	0	0	0
0	44	0	0	0
44	0	0	0	0
0	0	44	0	0
0	44	0	0	0
0	0	0	44	0
0	0	44	0	0
0	0	0	44	0
0	44	0	0	0
0	0	0	44	0
44	0	0	0	0
0	0	44	0	0
0	44	0	0	0
0	44	0	0	0
0	0	0	44	0
0	0	0	44	0
0	0	44	0	0
44	0	0	0	0
0	44	0	0	0
0	0	0	44	0
0	0	44	0	0
0	0	44	0	0
44	0	0	0	0
44	0	0	0	0
0	0	44	0	0
0	44	0	0	0
0	44	0	0	0
0	0	44	0	0
0	0	44	0	0
44	0	0	0	0
0	0	44	0	0
0	0	44	0	0
0	0	44	0	0
44	0	0	0	0
44	0	0	0	0
0	0	0	44	0
44	0	0	0	0
0	0	0	44	0
0	44	0	0	0
0	0	0	44	0
44	0	0	0	0
0	44	0	0	0
44	0	0	0	0
0	44	0	0	0
0	0	0	44	0
0	0	0	44	0
0	0	44	0	0
0	0	44	0	0
0	0	0	44	0
0	44	0	0	0
0	0	44	0	0
0	0	44	0	0
0	44	0	0	0
44	0	0	0	0
0	44	0	0	0
0	0	44	0	0
0	0	44	0	0
0	0	44	0	0
0	44	0	0	0
0	44	0	0	0
0	0	44	0	0
0	0	0	44	0
0	0	44	0	0
44	0	0	0	0
0	0	0	44	0
0	0	0	44	0
44	0	0	0	0
0	0	0	44	0
0	0	44	0	0
0	44	0	0	0
0	0	0	44	0
0	44	0	0	0
0	0	44	0	0
0	0	0	44	0
0	0	0	44	0
0	44	0	0	0
0	0	0	44	0
0	0	44	0	0
44	0	0	0	0
0	44	0	0	0
0	44	0	0	0
0	0	0	44	0
0	0	44	0	0
0	0	44	0	0
44	0	0	0	0
0	44	0	0	0
0	0	44	0	0
0	44	0	0	0
44	0	0	0	0
0	44	0	0	0
0	0	44	0	0
0	0	0	44	0
0	44	0	0	0
0	0	44	0	0
0	44	0	0	0
0	0	0	44	0
0	0	0	44	0
