0	158	0	0	0
0	0	158	0	0
0	0	158	0	0
0	158	0	0	0
0	0	158	0	0
0	0	0	158	0
0	158	0	0	0
0	0	0	158	0
0	158	0	0	0
0	0	158	0	0
0	0	0	158	0
0	158	0	0	0
158	0	0	0	0
0	0	0	158	0
158	0	0	0	0
0	158	0	0	0
0	0	158	0	0
0	158	0	0	0
158	0	0	0	0
0	0	0	158	0
0	0	0	158	0
0	158	0	0	0
0	0	0	158	0
0	158	0	0	0
0	158	0	0	0
0	1	0	157	0
158	0	0	0	0
158	0	0	0	0
0	0	158	0	0
158	0	0	0	0
0	158	0	0	0
0	1	0	157	0
0	158	0	0	0
158	0	0	0	0
0	0	0	158	0
0	0	158	0	0
158	0	0	0	0
0	0	158	0	0
0	0	0	158	0
0	158	0	0	0
0	0	158	0	0
158	0	0	0	0
158	0	0	0	0
0	158	0	0	0
0	158	0	0	0
0	158	0	0	0
0	0	158	0	0
0	0	0	158	0
0	158	0	0	0
0	0	158	0	0
158	0	0	0	0
0	158	0	0	0
0	0	158	0	0
0	0	158	0	0
158	0	0	0	0
0	0	158	0	0
0	19	0	139	0
0	158	0	0	0
0	0	19	139	0
158	0	0	0	0
0	158	0	0	0
145	13	0	0	0
0	0	158	0	0
0	0	158	0	0
19	0	0	139	0
158	0	0	0	0
158	0	0	0	0
158	0	0	0	0
0	158	0	0	0
0	158	0	0	0
0	0	158	0	0
0	158	0	0	0
0	0	0	158	0
158	0	0	0	0
0	0	158	0	0
158	0	0	0	0
0	158	0	0	0
0	0	0	158	0
158	0	0	0	0
0	0	155	3	0
0	0	0	158	0
0	158	0	0	0
3	155	0	0	0
0	158	0	0	0
0	0	158	0	0
0	0	0	158	0
0	0	158	0	0
158	0	0	0	0
0	0	158	0	0
158	0	0	0	0
158	0	0	0	0
0	0	158	0	0
158	0	0	0	0
0	0	158	0	0
0	0	0	158	0
0	0	158	0	0
0	158	0	0	0
0	0	158	0	0
0	0	158	0	0
158	0	0	0	0
0	0	158	0	0
0	158	0	0	0
0	0	158	0	0
0	0	0	158	0
0	0	0	158	0
0	158	0	0	0
0	158	0	0	0
0	158	0	0	0
0	158	0	0	0
0	0	158	0	0
0	1	0	157	0
0	158	0	0	0
0	0	158	0	0
158	0	0	0	0
0	158	0	0	0
0	0	0	158	0
0	158	0	0	0
0	158	0	0	0
0	0	0	158	0
0	0	0	158	0
158	0	0	0	0
0	0	158	0	0
0	158	0	0	0
0	0	0	158	0
0	66	0	92	0
158	0	0	0	0
0	158	0	0	0
0	158	0	0	0
0	0	158	0	0
0	0	158	0	0
0	0	0	158	0
0	158	0	0	0
0	158	0	0	0
0	85	0	73	0
0	0	0	158	0
0	0	158	0	0
17	3	138	0	0
0	0	0	158	0
0	158	0	0	0
2	0	156	0	0
0	0	0	158	0
0	0	158	0	0
0	0	0	158	0
158	0	0	0	0
157	0	1	0	0
0	0	158	0	0
0	0	158	0	0
158	0	0	0	0
0	0	0	158	0
0	0	158	0	0
158	0	0	0	0
0	158	0	0	0
0	0	0	158	0
0	0	0	158	0
158	0	0	0	0
1	25	0	132	0
1	157	0	0	0
0	1	157	0	0
0	0	158	0	0
0	0	0	158	0
0	0	0	158	0
0	158	0	0	0
0	158	0	0	0
0	158	0	0	0
158	0	0	0	0
158	0	0	0	0
0	0	158	0	0
158	0	0	0	0
0	0	0	158	0
0	1	0	157	0
158	0	0	0	0
0	158	0	0	0
0	0	158	0	0
158	0	0	0	0
0	158	0	0	0
0	0	158	0	0
0	0	0	158	0
158	0	0	0	0
158	0	0	0	0
158	0	0	0	0
158	0	0	0	0
158	0	0	0	0
0	0	158	0	0
0	158	0	0	0
0	158	0	0	0
0	0	0	158	0
158	0	0	0	0
158	0	0	0	0
0	158	0	0	0
0	0	0	158	0
0	0	152	6	0
0	0	0	158	0
158	0	0	0	0
158	0	0	0	0
158	0	0	0	0
0	158	0	0	0
0	158	0	0	0
0	0	158	0	0
0	2	0	156	0
0	158	0	0	0
158	0	0	0	0
0	0	158	0	0
0	157	0	1	0
0	0	158	0	0
0	0	0	158	0
0	0	2	156	0
0	0	0	158	0
0	0	0	158	0
158	0	0	0	0
0	0	0	158	0
0	158	0	0	0
0	0	156	2	0
0	0	158	0	0
158	0	0	0	0
158	0	0	0	0
0	0	0	158	0
0	158	0	0	0
0	42	116	0	0
158	0	0	0	0
158	0	0	0	0
158	0	0	0	0
0	0	158	0	0
158	0	0	0	0
0	0	158	0	0
158	0	0	0	0
158	0	0	0	0
0	158	0	0	0
0	0	0	158	0
0	0	0	158	0
157	0	0	1	0
0	0	0	158	0
0	0	158	0	0
1	0	0	157	0
0	0	0	158	0
0	158	0	0	0
0	5	153	0	0
0	0	0	158	0
0	0	158	0	0
0	158	0	0	0
0	158	0	0	0
0	158	0	0	0
0	0	0	158	0
158	0	0	0	0
0	158	0	0	0
0	0	158	0	0
0	0	158	0	0
0	158	0	0	0
0	0	0	158	0
0	0	158	0	0
158	0	0	0	0
0	158	0	0	0
158	0	0	0	0
0	158	0	0	0
0	158	0	0	0
0	0	0	158	0
0	158	0	0	0
40	0	118	0	0
158	0	0	0	0
158	0	0	0	0
0	158	0	0	0
0	0	158	0	0
0	0	0	158	0
80	78	0	0	0
0	0	158	0	0
0	158	0	0	0
0	0	0	158	0
158	0	0	0	0
158	0	0	0	0
158	0	0	0	0
158	0	0	0	0
158	0	0	0	0
0	9	0	149	0
158	0	0	0	0
158	0	0	0	0
0	0	0	158	0
158	0	0	0	0
158	0	0	0	0
0	123	0	35	0
158	0	0	0	0
0	158	0	0	0
0	0	158	0	0
0	0	0	158	0
158	0	0	0	0
135	0	23	0	0
158	0	0	0	0
157	0	1	0	0
15	0	143	0	0
0	0	0	158	0
0	158	0	0	0
0	23	135	0	0
0	0	0	158	0
0	0	0	158	0
0	0	103	55	0
0	0	0	158	0
158	0	0	0	0
0	0	158	0	0
0	158	0	0	0
158	0	0	0	0
0	158	0	0	0
0	0	158	0	0
158	0	0	0	0
0	158	0	0	0
0	0	0	158	0
0	0	0	158	0
0	0	0	158	0
0	0	158	0	0
158	0	0	0	0
0	0	158	0	0
0	158	0	0	0
0	158	0	0	0
0	0	158	0	0
0	0	158	0	0
0	0	0	158	0
0	0	158	0	0
0	0	158	0	0
