0	159	0	0	0
0	0	0	159	0
0	0	0	159	0
0	0	0	159	0
0	0	0	159	0
159	0	0	0	0
159	0	0	0	0
0	159	0	0	0
0	0	159	0	0
0	0	0	159	0
0	0	0	159	0
159	0	0	0	0
159	0	0	0	0
0	0	159	0	0
0	159	0	0	0
0	159	0	0	0
0	0	0	159	0
0	0	159	0	0
159	0	0	0	0
159	0	0	0	0
159	0	0	0	0
0	159	0	0	0
0	159	0	0	0
0	0	159	0	0
0	0	159	0	0
159	0	0	0	0
0	0	0	159	0
159	0	0	0	0
159	0	0	0	0
0	0	159	0	0
0	159	0	0	0
0	159	0	0	0
0	0	159	0	0
0	0	0	159	0
0	0	0	159	0
0	159	0	0	0
0	159	0	0	0
0	0	159	0	0
0	0	159	0	0
159	0	0	0	0
159	0	0	0	0
157	0	2	0	0
0	159	0	0	0
0	0	0	159	0
0	0	159	0	0
0	159	0	0	0
0	159	0	0	0
159	0	0	0	0
0	159	0	0	0
0	0	0	159	0
0	0	0	159	0
159	0	0	0	0
159	0	0	0	0
159	0	0	0	0
0	0	0	159	0
0	159	0	0	0
159	0	0	0	0
159	0	0	0	0
0	159	0	0	0
0	0	159	0	0
0	0	159	0	0
0	0	0	159	0
159	0	0	0	0
159	0	0	0	0
0	0	159	0	0
0	159	0	0	0
0	159	0	0	0
0	0	0	159	0
0	0	0	159	0
0	1	0	158	0
0	0	159	0	0
0	159	0	0	0
0	0	0	159	0
0	0	159	0	0
0	0	0	159	0
0	0	159	0	0
0	0	159	0	0
0	0	0	159	0
0	0	159	0	0
159	0	0	0	0
159	0	0	0	0
0	159	0	0	0
0	159	0	0	0
0	0	0	159	0
0	0	159	0	0
0	159	0	0	0
0	0	159	0	0
0	0	0	159	0
0	0	0	159	0
159	0	0	0	0
0	0	0	159	0
159	0	0	0	0
0	0	0	159	0
159	0	0	0	0
0	159	0	0	0
0	0	0	159	0
0	159	0	0	0
0	0	0	159	0
159	0	0	0	0
159	0	0	0	0
0	159	0	0	0
0	0	0	159	0
0	159	0	0	0
0	0	0	159	0
0	0	0	159	0
159	0	0	0	0
0	159	0	0	0
0	0	159	0	0
0	0	159	0	0
0	0	0	159	0
159	0	0	0	0
159	0	0	0	0
0	159	0	0	0
0	0	0	159	0
0	159	0	0	0
0	0	0	159	0
0	159	0	0	0
0	0	159	0	0
0	0	0	159	0
159	0	0	0	0
0	159	0	0	0
0	159	0	0	0
0	159	0	0	0
159	0	0	0	0
126	0	30	3	0
0	0	159	0	0
0	159	0	0	0
0	0	0	159	0
159	0	0	0	0
0	159	0	0	0
0	0	0	159	0
0	159	0	0	0
159	0	0	0	0
0	159	0	0	0
159	0	0	0	0
159	0	0	0	0
0	0	159	0	0
0	0	0	159	0
0	159	0	0	0
0	0	0	159	0
0	0	159	0	0
0	159	0	0	0
159	0	0	0	0
0	0	159	0	0
0	159	0	0	0
0	159	0	0	0
0	0	0	159	0
0	159	0	0	0
0	159	0	0	0
0	159	0	0	0
0	0	159	0	0
0	0	159	0	0
0	0	0	159	0
0	0	0	159	0
0	6	153	0	0
159	0	0	0	0
0	0	159	0	0
0	0	0	159	0
159	0	0	0	0
0	0	0	159	0
0	0	0	159	0
0	0	0	159	0
0	159	0	0	0
0	159	0	0	0
0	0	0	159	0
159	0	0	0	0
0	0	0	159	0
159	0	0	0	0
0	159	0	0	0
159	0	0	0	0
0	0	0	159	0
159	0	0	0	0
0	0	159	0	0
159	0	0	0	0
0	159	0	0	0
0	0	0	159	0
0	0	159	0	0
0	0	159	0	0
159	0	0	0	0
136	23	0	0	0
0	0	0	159	0
0	0	0	159	0
0	0	159	0	0
0	0	159	0	0
0	0	0	159	0
159	0	0	0	0
0	159	0	0	0
0	0	159	0	0
0	0	0	159	0
0	0	0	159	0
0	159	0	0	0
0	0	0	159	0
0	159	0	0	0
0	2	157	0	0
0	159	0	0	0
0	159	0	0	0
0	0	0	159	0
0	0	159	0	0
0	0	159	0	0
0	159	0	0	0
0	159	0	0	0
0	0	0	159	0
0	159	0	0	0
0	0	0	159	0
159	0	0	0	0
159	0	0	0	0
0	159	0	0	0
0	159	0	0	0
0	159	0	0	0
159	0	0	0	0
0	159	0	0	0
0	0	0	159	0
0	0	159	0	0
0	0	159	0	0
0	0	0	159	0
159	0	0	0	0
159	0	0	0	0
159	0	0	0	0
16	0	143	0	0
159	0	0	0	0
159	0	0	0	0
159	0	0	0	0
0	159	0	0	0
0	159	0	0	0
0	0	159	0	0
0	159	0	0	0
0	159	0	0	0
0	0	0	159	0
0	159	0	0	0
0	159	0	0	0
0	0	159	0	0
0	0	0	159	0
0	0	159	0	0
0	159	0	0	0
159	0	0	0	0
0	159	0	0	0
0	0	159	0	0
0	0	159	0	0
159	0	0	0	0
0	0	159	0	0
0	0	159	0	0
0	159	0	0	0
0	159	0	0	0
0	159	0	0	0
0	0	0	159	0
0	0	0	159	0
159	0	0	0	0
0	159	0	0	0
0	159	0	0	0
159	0	0	0	0
0	159	0	0	0
0	159	0	0	0
0	159	0	0	0
0	159	0	0	0
0	0	0	159	0
0	159	0	0	0
0	159	0	0	0
0	0	0	159	0
0	159	0	0	0
0	0	159	0	0
0	159	0	0	0
0	0	159	0	0
0	159	0	0	0
0	0	159	0	0
159	0	0	0	0
0	0	0	159	0
159	0	0	0	0
0	159	0	0	0
0	159	0	0	0
159	0	0	0	0
0	0	0	159	0
0	0	159	0	0
159	0	0	0	0
159	0	0	0	0
0	0	159	0	0
0	0	159	0	0
159	0	0	0	0
159	0	0	0	0
0	0	0	159	0
0	0	0	159	0
0	159	0	0	0
159	0	0	0	0
0	159	0	0	0
0	159	0	0	0
0	159	0	0	0
159	0	0	0	0
0	159	0	0	0
159	0	0	0	0
159	0	0	0	0
0	0	159	0	0
0	159	0	0	0
0	0	159	0	0
159	0	0	0	0
159	0	0	0	0
0	0	159	0	0
0	159	0	0	0
0	159	0	0	0
0	159	0	0	0
0	159	0	0	0
0	0	159	0	0
0	0	159	0	0
0	0	0	159	0
0	0	0	159	0
0	0	159	0	0
0	0	0	159	0
0	0	0	159	0
